88.19862351717039 0 848.75 40740.0
118.44098711298483 1 1028.0 90084.0
151.68216337529853 2 1176.9583333333333 146578.0
155.8661186910431 3 1153.2916666666667 201936.0
156.47361252784611 4 1130.1458333333333 256183.0
157.1624914415777 5 1158.8958333333333 311810.0
156.96225030495881 6 1114.5625 365309.0
155.32476581068008 7 1080.6458333333333 417180.0
156.82229741650187 8 1091.2083333333333 469558.0
153.10843787737107 9 1082.8541666666667 521535.0
161.8555774292121 10 1144.5625 576474.0
162.34097180073758 11 1112.6875 629883.0
158.89601526508426 12 1088.2083333333333 682117.0
162.62930601413044 13 1104.2916666666667 735123.0
152.6526979044534 14 1081.8541666666667 787052.0
151.98706725290688 15 1038.3125 836891.0
143.92497989306062 16 1046.8125 887138.0
150.4416939004627 17 1092.5 939578.0
157.20678077095667 18 1147.8333333333333 994674.0
158.74090479716128 19 1139.9791666666667 1049393.0
166.21697617761518 20 1211.375 1107539.0
164.37571773071903 21 1226.5625 1166414.0
167.39594568331697 22 1266.1875 1227191.0
166.00465695235917 23 1293.375 1289273.0
158.5339996733192 24 1262.25 1349861.0
163.3819759714055 25 1262.0625 1410440.0
157.96312801313982 26 1251.3333333333333 1470504.0
157.71811730733114 27 1248.4791666666667 1530431.0
163.1210468626372 28 1311.4791666666667 1593382.0
162.8267061982006 29 1275.4791666666667 1654605.0
158.81739570794483 30 1264.5833333333333 1715305.0
163.8050686506358 31 1246.9583333333333 1775159.0
162.7091834815615 32 1194.5208333333333 1832496.0
166.61672299325897 33 1222.8333333333333 1891192.0
162.20663989326445 34 1221.1041666666667 1949805.0
165.10566658659738 35 1240.2916666666667 2009339.0
170.97376993334979 36 1255.2291666666667 2069590.0
170.7183947388497 37 1205.9166666666667 2127474.0
171.18025210350996 38 1186.3958333333333 2184421.0
171.49652865854367 39 1205.6041666666667 2242290.0
177.5139026433411 40 1242.8958333333333 2301949.0
177.82370636398295 41 1204.625 2359771.0
178.02124197667277 42 1227.4166666666667 2418687.0
173.6208648297635 43 1198.6666666666667 2476223.0
170.73013388055764 44 1161.75 2531987.0
170.11292454591018 45 1212.875 2590205.0
173.53460806348923 46 1182.3125 2646956.0
176.15887891452243 47 1210.0416666666667 2705038.0
170.80043732218962 48 1188.3958333333333 2762081.0
181.41141961816638 49 1256.0833333333333 2822373.0
180.90144515876162 50 1303.4583333333333 2884939.0
183.44882858811812 51 1308.6875 2947756.0
189.7153280462816 52 1374.25 3013720.0
182.9989238611405 53 1369.9166666666667 3079476.0
192.74675298737034 54 1465.5833333333333 3149824.0
185.96675692624922 55 1437.5416666666667 3218826.0
192.08969265273785 56 1501.7916666666667 3290912.0
203.04389945782972 57 1598.2708333333333 3367629.0
195.1550215003547 58 1527.4583333333333 3440947.0
196.40770409637943 59 1538.7083333333333 3514805.0
192.58235119167747 60 1545.8958333333333 3589008.0
195.71336495143245 61 1554.375 3663618.0
201.6022606812949 62 1552.5416666666667 3738140.0
205.62513229160402 63 1569.25 3813464.0
209.14236779035275 64 1580.3541666666667 3889321.0
206.8041254679123 65 1557.7291666666667 3964092.0
206.51152182001223 66 1518.1041666666667 4036961.0
215.88868965405436 67 1562.5208333333333 4111962.0
212.23061764704804 68 1529.7916666666667 4185392.0
208.18490043519583 69 1541.1458333333333 4259367.0
209.19042573879833 70 1530.4166666666667 4332827.0
219.04624186390902 71 1608.0625 4410014.0
218.8224871887655 72 1571.5208333333333 4485447.0
227.53988053899798 73 1602.9375 4562388.0
226.54790185223305 74 1656.9375 4641921.0
225.55559593965015 75 1635.4166666666667 4720421.0
224.11512800192966 76 1667.3541666666667 4800454.0
224.52083123635876 77 1694.6666666666667 4881798.0
222.22044163762166 78 1731.0416666666667 4964888.0
227.08897746609625 79 1765.8541666666667 5049649.0
219.196421042452 80 1735.0 5132929.0
224.9464937243205 81 1798.875 5219275.0
222.77358086271718 82 1849.8958333333333 5308070.0
221.23864402210756 83 1830.3958333333333 5395929.0
220.18973006960877 84 1828.4375 5483694.0
234.05103480836658 85 1937.8958333333333 5576713.0
232.1250933270447 86 1934.6041666666667 5669574.0
225.11567112140116 87 1861.5208333333333 5758927.0
227.0337743565212 88 1926.0208333333333 5851376.0
237.94474694179442 89 1959.1041666666667 5945413.0
244.74601229446344 90 2042.3541666666667 6043446.0
239.9414678916702 91 1997.7708333333333 6139339.0
242.06943705975505 92 1990.4166666666667 6234879.0
247.76625326424036 93 2043.25 6332955.0
256.3436133981401 94 2065.6666666666665 6432107.0
248.47826949263535 95 2016.8125 6528914.0
244.5263395625011 96 2009.6666666666667 6625378.0
254.27799541175997 97 2051.0833333333335 6723830.0
251.7420491792584 98 1981.4583333333333 6818940.0
252.68538471739063 99 1996.6666666666667 6914780.0
259.0343505256189 100 2027.875 7012118.0
251.16291538476767 101 2008.2291666666667 7108513.0
247.30041755764864 102 1925.3541666666667 7200930.0
260.9772391912732 103 2005.625 7297200.0
266.04821422614754 104 2030.5 7394664.0
254.5509183454308 105 1963.8958333333333 7488931.0
260.0780854738667 106 1968.3958333333333 7583414.0
253.49513707762335 107 1948.4166666666667 7676938.0
268.04549356732605 108 2044.7291666666667 7775085.0
267.57639040636826 109 2013.6458333333333 7871740.0
270.33746940352324 110 2045.9583333333333 7969946.0
268.67793815290673 111 2044.0208333333333 8068059.0
273.1794120631288 112 2060.1875 8166948.0
281.0615908483427 113 2099.2708333333335 8267713.0
277.88238879556087 114 2104.2708333333335 8368718.0
276.81620216401404 115 2123.0833333333335 8470626.0
278.20334008529363 116 2134.2916666666665 8573072.0
278.08209894357134 117 2169.0625 8677187.0
272.95557284485716 118 2159.75 8780855.0
285.9416690356989 119 2258.4375 8889260.0
280.8903542639239 120 2243.6875 8996957.0
289.7031675480228 121 2351.9166666666665 9109849.0
286.6379158918983 122 2338.2083333333335 9222083.0
283.7162707986966 123 2373.3541666666665 9336004.0
289.6054455927658 124 2419.5208333333335 9452141.0
295.33812803148294 125 2473.5208333333335 9570870.0
292.11070089287017 126 2474.2916666666665 9689636.0
280.2235403104092 127 2425.1458333333335 9806043.0
292.02298909343074 128 2504.7708333333335 9926272.0
296.5957243733024 129 2535.6666666666665 10047984.0
276.0370331670038 130 2420.9375 10164189.0
288.2083750441082 131 2506.0625 10284480.0
281.5084709524134 132 2455.8125 10402359.0
273.7776473140763 133 2397.6875 10517448.0
276.5835757499139 134 2426.6875 10633929.0
283.1450440813981 135 2448.3125 10751448.0
296.7132606970386 136 2545.3333333333335 10873624.0
281.7472684540841 137 2435.6666666666665 10990536.0
287.44325443797857 138 2451.8333333333335 11108224.0
284.08878934496255 139 2422.4166666666665 11224500.0
299.1517134525314 140 2493.0 11344164.0
291.6996530789642 141 2447.125 11461626.0
300.63907286279914 142 2489.7708333333335 11581135.0
298.97989292164675 143 2467.5 11699575.0
304.46115490024687 144 2489.9583333333335 11819093.0
304.33708232393764 145 2458.4375 11937098.0
291.21046312466893 146 2386.8958333333335 12051669.0
300.6640324057042 147 2413.1875 12167502.0
303.4797101276938 148 2464.5416666666665 12285800.0
291.92597638545885 149 2373.0416666666665 12399706.0
306.60696191078415 150 2430.0208333333335 12516347.0
306.58287402086233 151 2451.9166666666665 12634039.0
310.49285380139423 152 2452.5625 12751762.0
304.0741573419007 153 2427.125 12868264.0
313.0875762709596 154 2472.4375 12986941.0
302.197794905957 155 2418.75 13103041.0
296.13694030520594 156 2378.8125 13217224.0
305.47488715204025 157 2423.3333333333335 13333544.0
312.2191568067405 158 2501.0 13453592.0
302.50940475030217 159 2421.5416666666665 13569826.0
312.4430056914894 160 2506.4583333333335 13690136.0
306.23831733469893 161 2459.8333333333335 13808208.0
317.09802401955784 162 2524.1666666666665 13929368.0
299.83295057277206 163 2434.3541666666665 14046217.0
304.7235832465514 164 2481.3958333333335 14165324.0
308.01346240096103 165 2501.9583333333335 14285418.0
311.64058613850466 166 2519.3541666666665 14406347.0
296.2110769963795 167 2425.0833333333335 14522751.0
294.07763157921 168 2420.9583333333335 14638957.0
302.40113679393454 169 2485.6041666666665 14758266.0
301.01889669741234 170 2482.3958333333335 14877421.0
303.76025834446943 171 2498.3541666666665 14997342.0
308.938561125101 172 2520.6666666666665 15118334.0
303.1426702162974 173 2479.0416666666665 15237328.0
308.93195634335194 174 2532.375 15358882.0
309.34486667144375 175 2526.7916666666665 15480168.0
316.0196357415246 176 2564.4791666666665 15603263.0
307.19794806491547 177 2526.6666666666665 15724543.0
305.76804210672 178 2513.8333333333335 15845207.0
317.7173384206813 179 2588.0833333333335 15969435.0
309.48147662087314 180 2546.1666666666665 16091651.0
321.6031702350747 181 2610.8125 16216970.0
303.1071882918147 182 2463.7083333333335 16335228.0
316.7534541302121 183 2584.4166666666665 16459280.0
311.7574030076726 184 2519.75 16580228.0
311.7243329955966 185 2519.2916666666665 16701154.0
310.0103686237751 186 2506.8333333333335 16821482.0
305.5703637903703 187 2468.6875 16939979.0
313.053172333383 188 2526.5416666666665 17061253.0
295.9231095988824 189 2414.6666666666665 17177157.0
310.13160264910164 190 2499.375 17297127.0
318.95760027919226 191 2545.9583333333335 17419333.0
314.6797916609232 192 2537.5625 17541136.0
307.54070627429854 193 2480.875 17660218.0
296.87641089813354 194 2407.875 17775796.0
306.48409785119253 195 2460.6041666666665 17893905.0
303.87612523994227 196 2448.0208333333335 18011410.0
299.50333437200624 197 2418.5208333333335 18127499.0
305.34325525065316 198 2448.0 18245003.0
304.4467690792875 199 2468.3958333333335 18363486.0
303.08258396146397 200 2453.0625 18481233.0
310.8103921865178 201 2467.3541666666665 18599666.0
302.16923146211906 202 2444.5416666666665 18717004.0
304.1570222336859 203 2451.3541666666665 18834669.0
310.56961744325173 204 2485.5 18953973.0
309.32776621162094 205 2479.8541666666665 19073006.0
317.1709536095421 206 2520.6041666666665 19193995.0
316.2602606663772 207 2509.0208333333335 19314428.0
312.99667746449535 208 2488.3125 19433867.0
310.25681962542836 209 2467.75 19552319.0
302.7584598655981 210 2453.75 19670099.0
302.65751312728565 211 2436.0208333333335 19787028.0
313.7144596356865 212 2511.125 19907562.0
313.38916953456106 213 2513.3125 20028201.0
316.28825001526275 214 2550.25 20150613.0
325.1185958168017 215 2580.5 20274477.0
309.4509469697789 216 2501.3958333333335 20394544.0
310.18235633830983 217 2498.4375 20514469.0
305.2134450602377 218 2487.1875 20633854.0
314.8544085778581 219 2530.4375 20755315.0
313.378884019086 220 2540.3541666666665 20877252.0
309.4234204516404 221 2513.0208333333335 20997877.0
313.885645498292 222 2530.0625 21119320.0
317.89247465866885 223 2569.5625 21242659.0
310.6359106309514 224 2517.0416666666665 21363477.0
306.97157627891437 225 2507.1041666666665 21483818.0
309.49493694593104 226 2503.6666666666665 21603994.0
315.30679415093914 227 2534.7083333333335 21725660.0
311.1692898432304 228 2519.75 21846608.0
303.2571201344349 229 2468.7708333333335 21965109.0
312.1033765328401 230 2517.375 22085943.0
312.6525104827045 231 2525.5208333333335 22207168.0
320.68953078451074 232 2565.5625 22330315.0
310.84476920871623 233 2503.25 22450471.0
315.7242572020636 234 2532.2916666666665 22572021.0
312.56018570550225 235 2500.0208333333335 22692022.0
317.36484463772314 236 2542.5833333333335 22814066.0
309.1465425086249 237 2474.25 22932830.0
309.61008401624787 238 2497.5625 23052713.0
313.6393118843858 239 2523.875 23173859.0
316.6808381411222 240 2525.6041666666665 23295088.0
313.07610519988873 241 2490.9166666666665 23414652.0
320.50803861129566 242 2560.8958333333335 23537575.0
320.93924756901066 243 2547.2291666666665 23659842.0
315.6641806156861 244 2503.4791666666665 23780009.0
317.3606510792404 245 2521.2708333333335 23901030.0
317.6364204840109 246 2518.1041666666665 24021899.0
315.9830297212712 247 2510.2083333333335 24142389.0
307.93397728741627 248 2452.0625 24260088.0
314.6297519603455 249 2494.8125 24379839.0
319.7203985464553 250 2522.8958333333335 24500938.0
312.79080990949825 251 2468.8333333333335 24619442.0
318.43231819192516 252 2503.0833333333335 24739590.0
305.56262197682935 253 2430.8541666666665 24856271.0
318.1051858419882 254 2497.8541666666665 24976168.0
317.0065175258069 255 2486.125 25095502.0
307.83902061875955 256 2441.0416666666665 25212672.0
315.75295887682233 257 2487.9583333333335 25332094.0
307.5174682612075 258 2436.2291666666665 25449033.0
313.82874750789415 259 2438.625 25566087.0
309.46065730269726 260 2433.3125 25682886.0
312.47407870909217 261 2445.6875 25800279.0
305.1525767620557 262 2422.125 25916541.0
311.4076848750081 263 2458.7916666666665 26034563.0
312.12672592267756 264 2450.75 26152199.0
304.666849794789 265 2411.9166666666665 26267971.0
314.0767308824442 266 2467.8125 26386426.0
312.90210582808504 267 2467.0208333333335 26504843.0
311.49921461108966 268 2457.5625 26622806.0
313.14447323772924 269 2459.0833333333335 26740842.0
316.8416621574408 270 2467.2708333333335 26859271.0
321.74104993206913 271 2497.125 26979133.0
320.6096672832081 272 2500.0625 27099136.0
321.9364110223394 273 2516.7708333333335 27219941.0
313.38995003113183 274 2473.8125 27338684.0
326.79972700256013 275 2551.3958333333335 27461151.0
327.0806018291535 276 2548.5833333333335 27583483.0
314.2825514629214 277 2472.3125 27702154.0
321.05539849790273 278 2504.7916666666665 27822384.0
323.0028729251782 279 2518.375 27943266.0
316.55033100497604 280 2488.8333333333335 28062730.0
319.15157640013933 281 2520.4166666666665 28183710.0
321.9023927848316 282 2514.6875 28304415.0
321.5734806825399 283 2535.5625 28426122.0
326.5190182155763 284 2559.5208333333335 28548979.0
318.9969135799012 285 2503.7291666666665 28669158.0
319.88362503051883 286 2516.6041666666665 28789955.0
322.3371750054453 287 2532.9166666666665 28911535.0
326.67443596604505 288 2533.3125 29033134.0
325.96277024666904 289 2566.8333333333335 29156342.0
320.0008307689707 290 2522.1666666666665 29277406.0
319.014950749687 291 2496.1875 29397223.0
318.4325745445859 292 2508.5416666666665 29517633.0
322.93051153265077 293 2506.4375 29637942.0
320.5192351082223 294 2509.1458333333335 29758381.0
322.17425138550004 295 2518.1041666666665 29879250.0
318.83813015478654 296 2485.5 29998554.0
321.8794369572335 297 2525.4583333333335 30119776.0
318.2194694914671 298 2472.3958333333335 30238451.0
328.55292500865414 299 2534.125 30360089.0
321.8163118522106 300 2501.7708333333335 30480174.0
317.6965722493679 301 2478.7291666666665 30599153.0
320.5057589661298 302 2499.5 30719129.0
324.2647658553885 303 2531.6458333333335 30840648.0
318.4616648643108 304 2497.0416666666665 30960506.0
325.96472573706 305 2510.3958333333335 31081005.0
330.01950784892944 306 2543.0416666666665 31203071.0
324.37174232159254 307 2518.9166666666665 31323979.0
326.33887687187524 308 2524.3958333333335 31445150.0
322.8698507835237 309 2498.0 31565054.0
325.09728930162186 310 2514.9583333333335 31685772.0
324.14130167518067 311 2506.9583333333335 31806106.0
327.23588491399425 312 2519.75 31927054.0
318.2123341826867 313 2479.5 32046070.0
330.45883516085473 314 2539.0833333333335 32167946.0
327.81253232135106 315 2532.6041666666665 32289511.0
323.7970761517782 316 2521.1458333333335 32410526.0
314.89272103097227 317 2469.2916666666665 32529052.0
327.90791083862035 318 2542.125 32651074.0
325.169392074555 319 2516.8541666666665 32771883.0
324.9353202920536 320 2539.3125 32893770.0
326.1044885167002 321 2516.7083333333335 33014572.0
333.4353293776386 322 2568.9375 33137881.0
329.0359042265732 323 2567.4791666666665 33261120.0
334.3206905266251 324 2589.0416666666665 33385394.0
330.6364160510669 325 2579.9583333333335 33509232.0
324.6965660536069 326 2546.9583333333335 33631486.0
335.29017705653877 327 2589.125 33755764.0
324.6003785552486 328 2552.7916666666665 33878298.0
327.17144861460696 329 2575.9583333333335 34001944.0
332.3792300331903 330 2589.125 34126222.0
328.1490612594077 331 2548.0833333333335 34248530.0
323.15171792536063 332 2543.7291666666665 34370629.0
324.04027352877546 333 2543.4791666666665 34492716.0
333.82600192235975 334 2588.2916666666665 34616954.0
330.89558927612035 335 2599.0625 34741709.0
323.38507592740035 336 2546.7916666666665 34863955.0
336.9563994923123 337 2626.2708333333335 34990016.0
325.41505785875495 338 2545.7916666666665 35112214.0
335.0029609530875 339 2605.2708333333335 35237267.0
320.4689394728072 340 2511.0625 35357798.0
328.48923863947624 341 2562.5208333333335 35480799.0
336.4902447527666 342 2614.8541666666665 35606312.0
327.1076094820708 343 2549.6666666666665 35728696.0
330.68929743518333 344 2567.7291666666665 35851947.0
324.39736600893946 345 2537.6458333333335 35973754.0
325.9567988601703 346 2522.5 36094834.0
322.04430248148856 347 2508.6041666666665 36215247.0
325.91524293083495 348 2533.7083333333335 36336865.0
332.7384584181785 349 2565.2916666666665 36459999.0
327.51788099279366 350 2530.0625 36581442.0
327.3870928118133 351 2532.5833333333335 36703006.0
336.6228079364576 352 2578.0625 36826753.0
321.8384325182084 353 2499.8541666666665 36946746.0
331.5249167352369 354 2540.7291666666665 37068701.0
330.66498011397374 355 2534.5625 37190360.0
326.1037380122329 356 2511.0625 37310891.0
335.3551014672428 357 2534.7083333333335 37432557.0
333.66555663270645 358 2526.5416666666665 37553831.0
327.45102766011127 359 2506.75 37674155.0
338.1658841046879 360 2558.7916666666665 37796977.0
326.80217120781674 361 2487.2291666666665 37916364.0
335.6244768133088 362 2531.2708333333335 38037865.0
334.06123487213813 363 2507.1041666666665 38158206.0
339.83758445656457 364 2546.5833333333335 38280442.0
330.5454249084933 365 2509.7916666666665 38400912.0
330.5351522649855 366 2497.3333333333335 38520784.0
333.6949214485856 367 2520.9791666666665 38641791.0
327.2916580709458 368 2475.2291666666665 38760602.0
336.09790214799085 369 2523.6666666666665 38881738.0
328.2997144826658 370 2463.6458333333335 38999993.0
338.91511868176866 371 2534.1041666666665 39121630.0
322.97486152922534 372 2443.4166666666665 39238914.0
330.27774355690167 373 2486.2916666666665 39358256.0
332.4506974795883 374 2507.5625 39478619.0
332.65892449816613 375 2504.1458333333335 39598818.0
322.6537173143811 376 2464.5208333333335 39717115.0
337.7493154552953 377 2537.1666666666665 39838899.0
332.4199569728013 378 2529.375 39960309.0
329.68413830840433 379 2509.625 40080771.0
326.7149825583434 380 2495.6458333333335 40200562.0
325.7740453285623 381 2491.9166666666665 40320174.0
324.5292187252018 382 2472.7083333333335 40438864.0
329.53177758016983 383 2492.6458333333335 40558511.0
325.06052770966284 384 2492.625 40678157.0
329.70391691925914 385 2504.1666666666665 40798357.0
326.6469167607385 386 2504.9375 40918594.0
329.0345473319474 387 2517.6666666666665 41039442.0
330.26508033575925 388 2515.0416666666665 41160164.0
331.6495890370572 389 2524.6458333333335 41281347.0
326.52402474923707 390 2505.25 41401599.0
320.06890968393185 391 2461.375 41519745.0
331.30572508376594 392 2539.625 41641647.0
330.42923286720674 393 2537.0625 41763426.0
329.4449133019923 394 2540.0625 41885349.0
328.5737854424826 395 2528.8541666666665 42006734.0
325.91827970608836 396 2516.4791666666665 42127525.0
331.41274318330903 397 2547.8333333333335 42249821.0
326.51540302086414 398 2512.125 42370403.0
330.4727922438802 399 2541.375 42492389.0
330.02330711357587 400 2539.7291666666665 42614296.0
328.8868247035025 401 2540.0833333333335 42736220.0
328.5913392907637 402 2544.8125 42858371.0
330.77186020376075 403 2555.6875 42981044.0
330.6565185216151 404 2554.3541666666665 43103653.0
328.83388741264474 405 2542.2291666666665 43225680.0
332.5431962807399 406 2563.8541666666665 43348745.0
334.60551567339206 407 2588.25 43472981.0
332.2563016550204 408 2561.6458333333335 43595940.0
332.22677445102903 409 2556.3541666666665 43718645.0
336.6332355487603 410 2585.5416666666665 43842751.0
328.5330582271503 411 2548.6875 43965088.0
334.1731684430946 412 2571.3541666666665 44088513.0
333.03053077385306 413 2568.5416666666665 44211803.0
336.65617678384143 414 2582.7708333333335 44335776.0
335.2392945229993 415 2560.6875 44458689.0
337.7712208619449 416 2578.6458333333335 44582464.0
319.5749858993899 417 2481.7083333333335 44701586.0
336.74432209647733 418 2564.9166666666665 44824702.0
321.3659749715634 419 2482.2083333333335 44943848.0
322.8696192416575 420 2499.2708333333335 45063813.0
322.80742313961684 421 2487.2291666666665 45183200.0
335.1216360512148 422 2539.875 45305114.0
333.3515549350375 423 2534.0208333333335 45426747.0
331.7688562382954 424 2515.2083333333335 45547477.0
334.6236424942174 425 2527.9583333333335 45668819.0
331.2010322758855 426 2510.25 45789311.0
329.3039784843978 427 2506.7291666666665 45909634.0
329.550491916046 428 2501.3333333333335 46029698.0
325.06985440543036 429 2461.5208333333335 46147851.0
326.93952432518773 430 2471.375 46266477.0
326.1593111679905 431 2474.8333333333335 46385269.0
337.2868011226024 432 2524.3541666666665 46506438.0
324.18170346831806 433 2467.9791666666665 46624901.0
325.24760783812036 434 2462.2708333333335 46743090.0
329.8474309394136 435 2496.1666666666665 46862906.0
326.4068363942401 436 2468.1875 46981379.0
329.6152401801092 437 2496.0208333333335 47101188.0
326.6179813488677 438 2463.5416666666665 47219438.0
319.06404642388867 439 2421.2083333333335 47335656.0
327.33261330529405 440 2472.7708333333335 47454349.0
323.5476176280949 441 2447.1041666666665 47571810.0
317.79037124786856 442 2407.6041666666665 47687375.0
318.9130788716804 443 2413.5208333333335 47803224.0
323.51573442087164 444 2443.9583333333335 47920534.0
326.5965574625148 445 2458.0 48038518.0
331.0450225022588 446 2477.7708333333335 48157451.0
331.80441801486944 447 2468.2291666666665 48275926.0
316.11901398946594 448 2398.625 48391060.0
324.6326208748411 449 2444.8958333333335 48508415.0
328.46188884573183 450 2458.2708333333335 48626412.0
321.903525402398 451 2437.1666666666665 48743396.0
319.59889945069386 452 2429.8333333333335 48860028.0
324.6281683771879 453 2459.9791666666665 48978107.0
323.86173017752577 454 2454.9791666666665 49095946.0
336.89590187078045 455 2524.2916666666665 49217112.0
317.7166835243227 456 2425.5 49333536.0
334.8012134861825 457 2508.4791666666665 49453943.0
322.80984899569347 458 2446.8125 49571390.0
323.83625723812975 459 2453.1875 49689143.0
316.88100280262336 460 2404.5625 49804562.0
326.9161214792232 461 2477.0833333333335 49923462.0
313.9065455061222 462 2409.6458333333335 50039125.0
323.8571511159044 463 2463.4166666666665 50157369.0
329.17203059796515 464 2490.5416666666665 50276915.0
333.0510423984422 465 2511.6041666666665 50397472.0
330.0389880638155 466 2490.0625 50516995.0
335.40781642893575 467 2519.2291666666665 50637918.0
314.58891780754266 468 2413.2083333333335 50753752.0
335.6583148726158 469 2508.8541666666665 50874177.0
325.5409719572619 470 2472.9166666666665 50992877.0
323.4646371571939 471 2459.5416666666665 51110935.0
331.12877556334865 472 2489.9583333333335 51230453.0
319.03963583577064 473 2439.0 51347525.0
332.9539442296524 474 2513.7083333333335 51468183.0
335.0137453116949 475 2534.6875 51589848.0
319.5562630066739 476 2451.8125 51707535.0
331.93331723606303 477 2529.6666666666665 51828959.0
334.8791345074341 478 2511.9166666666665 51949531.0
330.9469083517113 479 2501.4166666666665 52069599.0
336.6635190201432 480 2517.7083333333335 52190449.0
323.2444283471665 481 2466.2291666666665 52308828.0
324.1552147822925 482 2451.3125 52426491.0
331.0827103152018 483 2505.1041666666665 52546736.0
320.7239292038189 484 2455.2083333333335 52664586.0
342.77023955858044 485 2565.9583333333335 52787752.0
333.4627674494515 486 2536.5208333333335 52909505.0
326.13935373313967 487 2493.8958333333335 53029212.0
330.69887136413814 488 2508.4375 53149617.0
330.45109250193764 489 2502.6458333333335 53269744.0
327.64653231816726 490 2501.7708333333335 53389829.0
322.6457454121212 491 2464.9583333333335 53508147.0
321.9004596434171 492 2450.9166666666665 53625791.0
326.0226746484224 493 2485.1875 53745080.0
329.32731916674095 494 2498.125 53864990.0
328.3432946609415 495 2525.0208333333335 53986191.0
330.419402519619 496 2540.375 54108129.0
321.5612691689909 497 2485.625 54227439.0
325.2248291999152 498 2493.2916666666665 54347117.0
329.7708603749938 499 2525.5208333333335 54468342.0
334.56624290155685 500 2565.0416666666665 54591464.0
328.48998616677267 501 2523.7291666666665 54712603.0
328.51355500984675 502 2535.625 54834313.0
321.3622447008164 503 2493.3958333333335 54953996.0
323.3688585640718 504 2498.1041666666665 55073905.0
327.03818189609154 505 2524.8333333333335 55195097.0
329.26874173852156 506 2526.1458333333335 55316352.0
328.87230402133645 507 2529.4791666666665 55437767.0
335.10541765409823 508 2575.7083333333335 55561401.0
322.8708648313062 509 2523.1041666666665 55682510.0
327.1818096766595 510 2543.1666666666665 55804582.0
331.2783151116173 511 2566.125 55927756.0
334.19151630901655 512 2577.3333333333335 56051468.0
326.8128185333977 513 2550.2083333333335 56173878.0
314.3685358278573 514 2464.7708333333335 56292187.0
336.636272593108 515 2572.9791666666665 56415690.0
326.5431597644897 516 2522.4166666666665 56536766.0
331.01695988294097 517 2557.6875 56659535.0
322.6074345215732 518 2520.6875 56780528.0
321.35194479120946 519 2490.6041666666665 56900077.0
329.96817287126225 520 2544.8125 57022228.0
337.56943078737885 521 2590.8333333333335 57146588.0
332.51045635054646 522 2552.6666666666665 57269116.0
324.3346110838326 523 2520.0833333333335 57390080.0
317.73758606052905 524 2476.5416666666665 57508954.0
324.8879266441075 525 2499.375 57628924.0
325.238594782386 526 2494.625 57748666.0
326.07377373867604 527 2504.2916666666665 57868872.0
327.89276863892064 528 2530.3958333333335 57990331.0
330.58579058437635 529 2543.2291666666665 58112406.0
334.1220481855352 530 2571.625 58235844.0
329.55326788954864 531 2528.5 58357212.0
335.9422181674958 532 2563.8125 58480275.0
340.4468643300996 533 2588.1875 58604508.0
336.81212087701925 534 2570.9375 58727913.0
339.4585040764539 535 2576.6666666666665 58851593.0
333.2790355371831 536 2537.3541666666665 58973386.0
334.2337375932187 537 2542.3333333333335 59095418.0
328.5043903212966 538 2500.9583333333335 59215464.0
340.4512207914691 539 2577.4166666666665 59339180.0
334.5454374246072 540 2509.9375 59459657.0
336.94013692430195 541 2524.3125 59580824.0
338.56289077596665 542 2543.8125 59702927.0
331.34073748305497 543 2484.4791666666665 59822182.0
342.10843027831226 544 2554.25 59944786.0
335.80771174842266 545 2519.5208333333335 60065723.0
338.3264248562369 546 2521.6458333333335 60186762.0
332.5111663918334 547 2483.0208333333335 60305947.0
338.89159721197433 548 2534.2083333333335 60427589.0
329.3876781318551 549 2489.4583333333335 60547083.0
330.9669896477665 550 2482.4375 60666240.0
340.4007216818737 551 2507.5625 60786603.0
331.79373904898404 552 2483.0833333333335 60905791.0
336.5613982324115 553 2509.4166666666665 61026243.0
340.5673352611174 554 2528.8958333333335 61147630.0
342.1305878542999 555 2532.6458333333335 61269197.0
331.5842127903093 556 2457.9583333333335 61387179.0
331.436580237839 557 2471.2708333333335 61505800.0
330.97591917418634 558 2468.0625 61624267.0
326.5502005525504 559 2456.25 61742167.0
331.8054380409741 560 2496.1875 61861984.0
338.7079476471893 561 2510.5833333333335 61982492.0
332.56535546219385 562 2480.375 62101550.0
345.7247222704304 563 2552.1875 62224055.0
337.3790853024901 564 2491.5 62343647.0
338.9544243062805 565 2515.6875 62464400.0
346.6434846682682 566 2533.1875 62585993.0
330.0332067667632 567 2460.9375 62704118.0
341.65477525250367 568 2522.125 62825180.0
338.01806819315954 569 2502.6041666666665 62945305.0
342.60035240993926 570 2526.7083333333335 63066587.0
341.52812487802913 571 2515.75 63187343.0
338.9437439494756 572 2496.0625 63307154.0
337.0585869273155 573 2476.9791666666665 63426049.0
341.6850844651971 574 2504.25 63546253.0
340.5508032888204 575 2514.5833333333335 63666953.0
348.4933675983022 576 2550.0416666666665 63789355.0
347.9467207652652 577 2525.3541666666665 63910572.0
337.95276860166877 578 2497.375 64030446.0
333.53674568019085 579 2461.6666666666665 64148606.0
340.33065520016305 580 2501.8333333333335 64268694.0
346.631746988364 581 2537.3125 64390485.0
348.58358201862035 582 2543.5625 64512576.0
340.6448986837541 583 2495.4583333333335 64632358.0
333.29704835163767 584 2481.3125 64751461.0
347.7953033760967 585 2559.0 64874293.0
332.7272195854416 586 2444.5625 64991632.0
338.64455053607963 587 2496.7291666666665 65111475.0
339.04847314264407 588 2505.3125 65231730.0
342.88504336259 589 2521.1875 65352747.0
342.33033083392456 590 2509.125 65473185.0
345.4380128811356 591 2526.1041666666665 65594438.0
337.9268357840338 592 2478.7291666666665 65713417.0
335.41936739077295 593 2456.1041666666665 65831310.0
346.27422955317434 594 2521.2916666666665 65952332.0
336.8308469990015 595 2480.3958333333335 66071391.0
347.62102307868076 596 2534.6875 66193056.0
344.063025737684 597 2507.6666666666665 66313424.0
347.52518842975246 598 2521.9375 66434477.0
346.20874010016274 599 2522.0416666666665 66555535.0
337.3793586645539 600 2478.2916666666665 66674493.0
350.23179442582074 601 2542.6666666666665 66796541.0
346.38071402280866 602 2552.8541666666665 66919078.0
343.11156020662014 603 2526.0833333333335 67040330.0
350.06055279611184 604 2540.3333333333335 67162266.0
345.3789706556581 605 2528.8333333333335 67283650.0
344.79366393495746 606 2551.1666666666665 67406106.0
337.6108570283307 607 2495.4583333333335 67525888.0
343.19728307401505 608 2523.0 67646992.0
340.45946296795836 609 2518.2083333333335 67767866.0
350.526850980174 610 2583.125 67891856.0
347.74381281965634 611 2555.0625 68014499.0
344.5955972573583 612 2554.8125 68137130.0
340.1573368352109 613 2529.2916666666665 68258536.0
342.4182423831692 614 2549.3958333333335 68380907.0
354.0983652084852 615 2614.7708333333335 68506416.0
350.15806308666066 616 2590.5208333333335 68630761.0
348.34524885285185 617 2591.9583333333335 68755175.0
342.3620474579671 618 2550.8958333333335 68877618.0
339.6183806026655 619 2544.7291666666665 68999765.0
355.4549672918021 620 2616.3125 69125348.0
346.39413696462157 621 2575.6875 69248981.0
342.26592194833916 622 2568.5833333333335 69372273.0
338.2983994393554 623 2523.2916666666665 69493391.0
348.4031486439146 624 2582.1458333333335 69617334.0
346.12689092412444 625 2576.2083333333335 69740992.0
340.0574865095237 626 2526.1666666666665 69862248.0
337.4549421198139 627 2517.2083333333335 69983074.0
343.9088524279318 628 2586.0208333333335 70107203.0
344.42194031458666 629 2569.8333333333335 70230555.0
348.5666161833474 630 2592.2708333333335 70354984.0
344.3637176353615 631 2560.5416666666665 70477890.0
352.92081567796436 632 2602.1666666666665 70602794.0
340.6797592815494 633 2527.0833333333335 70724094.0
342.5760043272483 634 2532.9791666666665 70845677.0
339.5348595708248 635 2528.2708333333335 70967034.0
342.85901363265447 636 2541.7083333333335 71089036.0
352.1000772112463 637 2584.5416666666665 71213094.0
352.5608762626427 638 2574.6666666666665 71336678.0
341.77217674875106 639 2506.6041666666665 71456995.0
339.04245986503474 640 2503.6458333333335 71577170.0
347.6075064224383 641 2550.3958333333335 71699589.0
346.29307189820605 642 2531.8333333333335 71821117.0
344.08764254955923 643 2514.3333333333335 71941805.0
352.4419215915904 644 2557.2708333333335 72064554.0
345.75488265218866 645 2540.1875 72186483.0
343.5153954393279 646 2500.75 72306519.0
344.9494279135229 647 2513.8333333333335 72427183.0
339.0926363648127 648 2472.6041666666665 72545868.0
340.5630135911983 649 2491.125 72665442.0
345.2876636371718 650 2487.5625 72784845.0
332.8154738832688 651 2422.3333333333335 72901117.0
334.90447098724775 652 2447.3333333333335 73018589.0
345.30020424781077 653 2499.6041666666665 73138570.0
339.68502276322533 654 2471.5416666666665 73257204.0
336.72944485289787 655 2451.8333333333335 73374892.0
337.9842394387717 656 2449.0208333333335 73492445.0
341.5216505710548 657 2459.9375 73610522.0
334.4902227522142 658 2435.1458333333335 73727409.0
344.9624142951189 659 2478.8125 73846392.0
334.3562383034263 660 2421.1041666666665 73962605.0
342.7937940300429 661 2462.5833333333335 74080809.0
338.81451008656876 662 2441.6875 74198010.0
331.122255878658 663 2396.9166666666665 74313062.0
341.7453266926941 664 2463.1875 74431295.0
342.1447502354434 665 2453.7708333333335 74549076.0
342.5665098713159 666 2452.75 74666808.0
330.4933315491516 667 2415.25 74782740.0
342.1898568693441 668 2460.6041666666665 74900849.0
353.9669158159624 669 2522.75 75021941.0
345.2367679319468 670 2486.125 75141275.0
334.61250014829585 671 2433.875 75258101.0
346.2597934727549 672 2500.2291666666665 75378112.0
340.420469949868 673 2482.1666666666665 75497256.0
337.87809454076984 674 2463.6041666666665 75615509.0
343.49475048100106 675 2497.9375 75735410.0
339.4417038494686 676 2493.375 75855092.0
343.918149495577 677 2503.8541666666665 75975277.0
344.61976475303294 678 2512.9791666666665 76095900.0
339.6444143739054 679 2492.6875 76215549.0
357.9221581215508 680 2583.875 76339575.0
346.40590313266733 681 2549.5625 76461954.0
339.12226498887406 682 2502.5 76582074.0
343.772571456654 683 2543.2291666666665 76704149.0
343.81430586755897 684 2545.2291666666665 76826320.0
350.9128297599605 685 2585.2291666666665 76950411.0
342.0449270833878 686 2537.5208333333335 77072212.0
339.1727395353554 687 2523.5416666666665 77193342.0
351.4017576986037 688 2584.3125 77317389.0
340.44216402172617 689 2517.5625 77438232.0
346.8370354444922 690 2564.3541666666665 77561321.0
345.0593398003501 691 2541.9166666666665 77683333.0
335.2577686716016 692 2492.6041666666665 77802978.0
336.38113349775625 693 2504.0625 77923173.0
338.59242927990175 694 2504.5416666666665 78043391.0
336.9790832824263 695 2495.25 78163163.0
347.97423837601326 696 2538.2708333333335 78285000.0
338.2992482385019 697 2487.5416666666665 78404402.0
341.64774683306274 698 2494.7708333333335 78524151.0
337.5361470804786 699 2455.7916666666665 78642029.0
351.77651359388636 700 2542.5416666666665 78764071.0
348.69329480070314 701 2524.9375 78885268.0
343.0945696994893 702 2488.2083333333335 79004702.0
344.3103739984413 703 2484.3541666666665 79123951.0
346.7695708370308 704 2499.9375 79243948.0
345.286333715373 705 2500.75 79363984.0
344.007875151957 706 2468.9583333333335 79482494.0
340.74052630057275 707 2449.2916666666665 79600060.0
351.3040398032991 708 2503.7916666666665 79720242.0
338.0455357556701 709 2426.9791666666665 79836737.0
343.73427002934585 710 2465.7916666666665 79955095.0
334.88508103407514 711 2407.7916666666665 80070669.0
343.84270547186867 712 2463.2916666666665 80188907.0
338.4564551154786 713 2422.9791666666665 80305210.0
347.0216400536672 714 2471.3333333333335 80423834.0
335.187738517275 715 2405.8125 80539313.0
341.666632796972 716 2412.9791666666665 80655136.0
343.1456428355395 717 2446.625 80772574.0
350.7846876474718 718 2470.6458333333335 80891165.0
340.2787769256095 719 2437.125 81008147.0
338.4239620826232 720 2416.0 81124115.0
345.17834459856925 721 2463.6458333333335 81242370.0
348.0047031982854 722 2480.6458333333335 81361441.0
340.3919568404507 723 2456.5416666666665 81479355.0
340.9651061233171 724 2432.2291666666665 81596102.0
353.3022323529199 725 2513.1041666666665 81716731.0
339.4122510079971 726 2437.2916666666665 81833721.0
356.2181903569843 727 2535.8125 81955440.0
340.5952638037069 728 2453.75 82073220.0
345.69251625005353 729 2501.25 82193280.0
343.51811085536656 730 2483.1875 82312473.0
351.94170287528965 731 2541.5416666666665 82434467.0
346.62714305020927 732 2494.4791666666665 82554202.0
346.87216396450503 733 2505.0 82674442.0
344.8695075658555 734 2506.1875 82794739.0
347.8788737261234 735 2517.0416666666665 82915557.0
341.55811806146886 736 2498.9375 83035506.0
349.0918612922267 737 2528.3958333333335 83156869.0
347.16898007878063 738 2510.2291666666665 83277360.0
334.8006474986386 739 2466.0208333333335 83395729.0
348.7044624419047 740 2553.5416666666665 83518299.0
333.9362204450949 741 2473.9375 83637048.0
350.25411956815 742 2556.1875 83759745.0
344.84469539913454 743 2526.125 83880999.0
349.49843395330805 744 2551.7708333333335 84003484.0
346.84731938343685 745 2542.1041666666665 84125505.0
353.80376621671513 746 2576.1041666666665 84249158.0
351.136597351037 747 2573.1875 84372671.0
352.08114196271384 748 2570.1041666666665 84496036.0
345.6086206868635 749 2532.0416666666665 84617574.0
350.21435968859697 750 2552.4375 84740091.0
354.2027368735894 751 2585.9583333333335 84864217.0
348.44971569548005 752 2553.7916666666665 84986799.0
349.8250430751622 753 2546.3125 85109022.0
346.1986128239144 754 2549.5 85231398.0
358.1495826443842 755 2595.8958333333335 85356001.0
349.28427765794066 756 2541.2708333333335 85477982.0
348.8514129419794 757 2527.0833333333335 85599282.0
347.2841186102264 758 2522.1666666666665 85720346.0
338.9347607442192 759 2470.5 85838930.0
353.3933179685987 760 2557.1666666666665 85961674.0
351.73360112414684 761 2521.1041666666665 86082687.0
344.4732326829964 762 2498.2708333333335 86202604.0
348.34862158149934 763 2512.1041666666665 86323185.0
350.5338691380016 764 2522.1666666666665 86444249.0
351.3339910607372 765 2504.5625 86564468.0
356.9376960035622 766 2525.5208333333335 86685693.0
358.316761742901 767 2541.5625 86807688.0
353.536244596261 768 2512.8541666666665 86928305.0
349.28704792560325 769 2517.875 87049163.0
360.7124488401142 770 2538.0416666666665 87170989.0
340.7915324738545 771 2433.3333333333335 87287789.0
347.9423348918929 772 2464.2291666666665 87406072.0
353.50944530859687 773 2496.1458333333335 87525887.0
341.51943703994624 774 2441.5833333333335 87643083.0
350.8976593548102 775 2467.0625 87761502.0
352.8231828106387 776 2480.0833333333335 87880546.0
344.8126404775448 777 2451.2708333333335 87998207.0
344.88130384486743 778 2445.8541666666665 88115608.0
345.9848692491846 779 2434.3125 88232455.0
354.2573102913184 780 2483.6041666666665 88351668.0
354.5404488736943 781 2471.7916666666665 88470314.0
352.9067128080249 782 2476.2708333333335 88589175.0
350.47023852313396 783 2461.7083333333335 88707337.0
353.51428334717076 784 2477.5208333333335 88826258.0
351.90285940652547 785 2459.9791666666665 88944337.0
360.54919997319575 786 2507.9791666666665 89064720.0
344.60520082212906 787 2442.8333333333335 89181976.0
346.0901110906498 788 2442.5 89299216.0
352.2574841315407 789 2481.6875 89418337.0
347.5952728775931 790 2445.1875 89535706.0
342.6969624483622 791 2431.625 89652424.0
350.11578927837655 792 2478.0416666666665 89771370.0
347.18108412712803 793 2452.2291666666665 89889077.0
343.08654450973535 794 2433.3333333333335 90005877.0
347.2429490594573 795 2446.75 90123321.0
353.43477168543336 796 2498.0416666666665 90243227.0
356.32811431076874 797 2515.6458333333335 90363978.0
352.7773582911843 798 2499.5416666666665 90483956.0
352.4817427468044 799 2494.5625 90603695.0
362.67049058066914 800 2549.7916666666665 90726085.0
357.05460946851434 801 2511.7291666666665 90846648.0
349.6887085577924 802 2486.9583333333335 90966022.0
354.1184258637772 803 2518.5833333333335 91086914.0
358.1624293497411 804 2547.5625 91209197.0
353.45995499813745 805 2513.625 91329851.0
354.2827961977716 806 2537.75 91451663.0
347.0094384640893 807 2481.2916666666665 91570765.0
353.1854320492807 808 2492.0416666666665 91690383.0
347.7261475538257 809 2472.125 91809045.0
352.85626245363756 810 2502.0833333333335 91929145.0
350.02394976681353 811 2485.4583333333335 92048447.0
357.0408157343987 812 2522.5 92169527.0
344.20470658819664 813 2456.2291666666665 92287426.0
349.72240875941884 814 2472.0833333333335 92406086.0
353.7916252118761 815 2487.4791666666665 92525485.0
355.596730652966 816 2514.2083333333335 92646167.0
358.13491342156345 817 2525.2916666666665 92767381.0
361.2587605102476 818 2525.3333333333335 92888597.0
351.40365691194285 819 2496.1875 93008414.0
347.62456214393507 820 2471.7708333333335 93127059.0
352.59140979140096 821 2501.125 93247113.0
352.7632024873963 822 2481.8541666666665 93366242.0
356.4252480861001 823 2506.4791666666665 93486553.0
344.6767875090804 824 2450.4375 93604174.0
349.58813293994405 825 2464.5833333333335 93722474.0
346.05964649183255 826 2451.2083333333335 93840132.0
340.6157963387229 827 2431.8958333333335 93956863.0
351.0544056228138 828 2484.0 94076095.0
336.4416130791329 829 2400.1875 94191304.0
364.45982146652483 830 2551.4791666666665 94313775.0
341.52446804803816 831 2446.8125 94431222.0
353.0598161133533 832 2501.7291666666665 94551305.0
348.1622457146236 833 2478.7083333333335 94670283.0
350.8339438388303 834 2487.4583333333335 94789681.0
350.86430730438093 835 2489.5416666666665 94909179.0
345.7261628655039 836 2479.125 95028177.0
350.8159984179492 837 2514.9791666666665 95148896.0
337.1448749709958 838 2418.8333333333335 95265000.0
342.7702337634891 839 2452.9583333333335 95382742.0
348.92032208750555 840 2499.3333333333335 95502710.0
355.9325841588022 841 2524.9166666666665 95623906.0
348.15957286297606 842 2492.125 95743528.0
356.65913096289 843 2526.9583333333335 95864822.0
356.5871233064351 844 2531.8333333333335 95986350.0
352.7410721119845 845 2520.9583333333335 96107356.0
362.01889224660295 846 2572.1666666666665 96230820.0
351.4993871234578 847 2516.0416666666665 96351590.0
353.07779292391257 848 2522.1666666666665 96472654.0
339.46695291456047 849 2443.8958333333335 96589961.0
344.21576093125077 850 2481.0625 96709052.0
361.99564907465174 851 2563.7291666666665 96832111.0
350.7826860577533 852 2492.1875 96951736.0
359.37610128660464 853 2558.375 97074538.0
361.46304287817685 854 2559.0208333333335 97197371.0
350.1068391156443 855 2497.9166666666665 97317271.0
349.35905287724273 856 2499.4583333333335 97437245.0
354.45746818729526 857 2534.4791666666665 97558900.0
356.4022569483075 858 2518.7083333333335 97679798.0
358.66890704797316 859 2540.7708333333335 97801755.0
351.48534212600043 860 2489.5625 97921254.0
355.7003386608649 861 2523.5208333333335 98042383.0
359.0137052512598 862 2533.6041666666665 98163996.0
353.1881774251449 863 2488.6458333333335 98283451.0
351.40724014252623 864 2468.9791666666665 98401962.0
356.72497795047724 865 2503.0625 98522109.0
354.38515331508205 866 2484.5625 98641368.0
353.1205753915701 867 2464.125 98759646.0
356.91518215213546 868 2510.0 98880126.0
361.2204196836237 869 2512.5208333333335 99000727.0
356.77389797279733 870 2477.7083333333335 99119657.0
351.6807542764263 871 2456.1041666666665 99237550.0
345.02546236238413 872 2419.2708333333335 99353675.0
353.28115288455547 873 2482.8333333333335 99472851.0
355.83357059421 874 2467.6875 99591300.0
357.25253942594304 875 2487.75 99710712.0
355.8213100939758 876 2468.1875 99829185.0
349.95169569923223 877 2437.1666666666665 99946169.0
355.4364630025511 878 2453.0416666666665 100063915.0
358.37633389168514 879 2468.4166666666665 100182399.0
350.20771023455956 880 2427.9166666666665 100298939.0
354.8127402838225 881 2457.3958333333335 100416894.0
358.40930873793354 882 2485.0833333333335 100536178.0
357.55836285556137 883 2467.5 100654618.0
364.16382751558194 884 2496.75 100774462.0
362.9459370877815 885 2500.625 100894492.0
351.83183980251914 886 2441.5208333333335 101011685.0
358.92923897449094 887 2492.0833333333335 101131305.0
354.9794258524807 888 2459.8958333333335 101249380.0
351.9467819239139 889 2448.7916666666665 101366922.0
351.04534633695465 890 2452.5416666666665 101484644.0
353.47405889176457 891 2475.5416666666665 101603470.0
363.37371413034504 892 2514.375 101724160.0
356.20301346436827 893 2473.1666666666665 101842872.0
367.56469648424735 894 2544.9583333333335 101965030.0
360.18401744446373 895 2513.6875 102085687.0
372.83740922324796 896 2571.3541666666665 102209112.0
357.5911555581676 897 2494.3125 102328839.0
361.32441154879535 898 2535.4375 102450540.0
371.8097833163716 899 2582.3541666666665 102574493.0
363.6432575384745 900 2544.8541666666665 102696646.0
346.81500470288256 901 2477.9791666666665 102815589.0
368.39688656116346 902 2566.2916666666665 102938771.0
349.15187155413173 903 2487.5 103058171.0
366.1495162388597 904 2572.5 103181651.0
357.1151191097422 905 2538.375 103303493.0
359.3556814637259 906 2546.8541666666665 103425742.0
373.9119286002289 907 2623.8958333333335 103551689.0
359.00146608566746 908 2554.9375 103674326.0
360.7770303312627 909 2553.4166666666665 103796890.0
359.0073718908946 910 2549.6666666666665 103919274.0
362.4134111021039 911 2572.2291666666665 104042741.0
353.0000386214469 912 2514.1666666666665 104163421.0
352.3962189202366 913 2530.5833333333335 104284889.0
356.9767857573495 914 2536.1666666666665 104406625.0
362.2721521473881 915 2595.6041666666665 104531214.0
346.8349789847976 916 2508.5416666666665 104651624.0
355.80199759533224 917 2562.6041666666665 104774629.0
349.60108839829724 918 2509.1666666666665 104895069.0
369.3953853222704 919 2603.5208333333335 105020038.0
358.0843053165918 920 2547.2083333333335 105142304.0
359.6574986922382 921 2565.7708333333335 105265461.0
356.51400073002713 922 2530.8541666666665 105386942.0
361.47682428328466 923 2564.6041666666665 105510043.0
357.3210409497451 924 2540.9791666666665 105632010.0
356.44398166013434 925 2528.3958333333335 105753373.0
365.5335032847206 926 2547.7083333333335 105875663.0
361.3325103615488 927 2532.4166666666665 105997219.0
358.2093262137409 928 2529.875 106118653.0
360.56879857809037 929 2513.1875 106239286.0
377.9223807336661 930 2591.1041666666665 106363659.0
364.39299112120665 931 2526.2291666666665 106484918.0
364.8817025958088 932 2543.6458333333335 106607013.0
373.6143142649192 933 2561.6875 106729974.0
352.41690905694577 934 2496.1458333333335 106849789.0
347.1657130263855 935 2447.75 106967281.0
354.7858096489179 936 2450.6875 107084914.0
361.4929442874416 937 2481.9791666666665 107204049.0
354.79886059826595 938 2457.8541666666665 107322026.0
361.3373186186263 939 2503.0625 107442173.0
360.1010338939347 940 2492.2083333333335 107561799.0
349.3391390870956 941 2416.2083333333335 107677777.0
365.59008746867175 942 2521.8541666666665 107798826.0
353.22862224515916 943 2448.7916666666665 107916368.0
357.194223238293 944 2458.4375 108034373.0
358.664520409305 945 2456.875 108152303.0
364.4615793389562 946 2516.4583333333335 108273093.0
358.2574135763737 947 2469.8333333333335 108391645.0
353.9714900452913 948 2482.3125 108510796.0
344.40711134282634 949 2416.1875 108626773.0
356.24801306624204 950 2461.3958333333335 108744920.0
354.1451363224328 951 2480.4375 108863981.0
349.61289860242806 952 2459.3541666666665 108982030.0
358.9195272088973 953 2498.4791666666665 109101957.0
358.1056355539235 954 2517.375 109222791.0
362.3792983198896 955 2528.6041666666665 109344164.0
355.6998745322306 956 2522.0625 109465223.0
360.7137400884804 957 2542.5208333333335 109587264.0
358.15607421685377 958 2518.3958333333335 109708147.0
356.99972144312915 959 2518.5416666666665 109829037.0
356.7071377900409 960 2522.4166666666665 109950113.0
348.6719007356533 961 2493.0625 110069780.0
359.9002217218195 962 2530.9791666666665 110191267.0
361.93019832751975 963 2564.6875 110314372.0
364.92302501514786 964 2586.0416666666665 110438502.0
354.1054408674483 965 2512.6875 110559111.0
362.91126244085507 966 2597.7708333333335 110683804.0
364.26598698771386 967 2583.3958333333335 110807807.0
356.0977466141231 968 2555.5208333333335 110930472.0
364.29734443937406 969 2624.5416666666665 111056450.0
351.6611646043598 970 2548.0 111178754.0
361.19564498155165 971 2596.9791666666665 111303409.0
363.4019062464747 972 2607.375 111428563.0
364.73675404144643 973 2619.5416666666665 111554301.0
364.21423052854203 974 2610.9583333333335 111679627.0
357.0673439565051 975 2571.3333333333335 111803051.0
358.30664733434054 976 2583.0416666666665 111927037.0
353.1463523212696 977 2557.7083333333335 112049807.0
361.64290759683473 978 2591.5208333333335 112174200.0
359.76999950234836 979 2564.6875 112297305.0
367.0533312929149 980 2617.625 112422951.0
358.26894253686896 981 2565.3541666666665 112546088.0
363.09958247888926 982 2612.0 112671464.0
358.76826094490303 983 2569.1458333333335 112794783.0
362.4231445560751 984 2583.9375 112918812.0
347.73187808956214 985 2523.25 113039928.0
362.1824560801888 986 2593.4375 113164413.0
364.6382440593547 987 2587.2291666666665 113288600.0
361.6826851800324 988 2568.2083333333335 113411874.0
369.2567885279187 989 2608.625 113537088.0
359.5057637126244 990 2553.9375 113659677.0
348.7934754539195 991 2499.9375 113779674.0
357.4912416046512 992 2546.3958333333335 113901901.0
355.8595061080014 993 2501.9583333333335 114021995.0
357.74628847406444 994 2525.9583333333335 114143241.0
367.02951840392694 995 2576.1666666666665 114266897.0
359.8076909081729 996 2534.4583333333335 114388551.0
353.3795087817021 997 2505.9583333333335 114508837.0
366.4533418792659 998 2565.8125 114631996.0
368.28100511368206 999 2568.8958333333335 114755303.0